1305031102.175304 rgb/1305031102.175304.png 1305031102.175800 1.3405 0.6266 1.6575 0.6574 0.6126 -0.2949 -0.3248
1305031102.211214 rgb/1305031102.211214.png 1305031102.215900 1.3303 0.6256 1.6464 0.6579 0.6161 -0.2932 -0.3189
1305031102.243211 rgb/1305031102.243211.png 1305031102.245800 1.3230 0.6252 1.6384 0.6590 0.6186 -0.2912 -0.3135
1305031102.275326 rgb/1305031102.275326.png 1305031102.275800 1.3160 0.6254 1.6302 0.6609 0.6199 -0.2893 -0.3086
1305031102.311267 rgb/1305031102.311267.png 1305031102.315800 1.3066 0.6256 1.6196 0.6621 0.6205 -0.2892 -0.3050
1305031102.343233 rgb/1305031102.343233.png 1305031102.345800 1.2991 0.6257 1.6118 0.6619 0.6204 -0.2916 -0.3032
1305031102.375329 rgb/1305031102.375329.png 1305031102.375800 1.2922 0.6256 1.6041 0.6617 0.6217 -0.2914 -0.3012
1305031102.411258 rgb/1305031102.411258.png 1305031102.415900 1.2830 0.6257 1.5933 0.6614 0.6249 -0.2903 -0.2962
1305031102.443271 rgb/1305031102.443271.png 1305031102.445800 1.2757 0.6256 1.5853 0.6631 0.6278 -0.2876 -0.2890
1305031102.475318 rgb/1305031102.475318.png 1305031102.475800 1.2683 0.6255 1.5770 0.6644 0.6299 -0.2848 -0.2842
0.6579 0.6161 -0.2932 -0.3189